 -3.19000000e+01 -2.58300000e+02
 -3.20000000e+01 -2.53300000e+02
 -3.22000000e+01 -2.50600000e+02
 -3.22000000e+01 -2.46800000e+02
 -3.22000000e+01 -2.41800000e+02
 -3.24000000e+01 -2.40600000e+02
 -3.24000000e+01 -2.35900000e+02
 -3.25000000e+01 -2.32800000e+02
 -3.26000000e+01 -2.29500000e+02
 -3.27000000e+01 -2.27200000e+02
 -3.27000000e+01 -2.23700000e+02
 -3.28000000e+01 -2.19300000e+02
 -3.29000000e+01 -2.18000000e+02
 -3.30000000e+01 -2.13400000e+02
 -3.31000000e+01 -2.10000000e+02
 -3.32000000e+01 -2.06700000e+02
 -3.33000000e+01 -2.04700000e+02
 -3.33000000e+01 -2.01500000e+02
 -3.34000000e+01 -1.96600000e+02
 -3.35000000e+01 -1.95500000e+02
 -3.36000000e+01 -1.91500000e+02
 -3.37000000e+01 -1.88600000e+02
 -3.38000000e+01 -1.87200000e+02
 -3.38000000e+01 -1.84600000e+02
 -3.40000000e+01 -1.83900000e+02
 -3.41000000e+01 -1.80100000e+02
 -3.41000000e+01 -1.79200000e+02
 -3.42000000e+01 -1.75400000e+02
 -3.43000000e+01 -1.72300000e+02
 -3.44000000e+01 -1.69500000e+02
 -3.45000000e+01 -1.67800000e+02
 -3.46000000e+01 -1.64400000e+02
 -3.46000000e+01 -1.61800000e+02
 -3.47000000e+01 -1.60100000e+02
 -3.48000000e+01 -1.57800000e+02
 -3.49000000e+01 -1.55300000e+02
 -3.50000000e+01 -1.52000000e+02
 -3.51000000e+01 -1.51100000e+02
 -3.52000000e+01 -1.48100000e+02
 -3.52000000e+01 -1.45600000e+02
 -3.53000000e+01 -1.44000000e+02
 -3.54000000e+01 -1.41800000e+02
 -3.55000000e+01 -1.38600000e+02
 -3.55000000e+01 -1.36300000e+02
 -3.57000000e+01 -1.35500000e+02
 -3.58000000e+01 -1.32300000e+02
 -3.58000000e+01 -1.30000000e+02
 -3.59000000e+01 -1.28600000e+02
 -3.60000000e+01 -1.26400000e+02
 -3.61000000e+01 -1.24300000e+02
 -3.62000000e+01 -1.21300000e+02
 -3.63000000e+01 -1.20600000e+02
 -3.64000000e+01 -1.17700000e+02
 -3.64000000e+01 -1.15700000e+02
 -3.65000000e+01 -1.13700000e+02
 -3.66000000e+01 -1.12300000e+02
 -3.67000000e+01 -1.09500000e+02
 -3.68000000e+01 -1.07500000e+02
 -3.69000000e+01 -1.05700000e+02
 -3.70000000e+01 -1.04400000e+02
 -3.71000000e+01 -1.02400000e+02
 -3.71000000e+01 -1.00700000e+02
 -3.72000000e+01 -9.85000000e+01
 -3.73000000e+01 -9.78000000e+01
 -3.74000000e+01 -9.53000000e+01
 -3.75000000e+01 -9.34000000e+01
 -3.76000000e+01 -9.21000000e+01
 -3.77000000e+01 -9.02000000e+01
 -3.77000000e+01 -8.84000000e+01
 -3.78000000e+01 -8.72000000e+01
 -3.80000000e+01 -8.54000000e+01
 -3.80000000e+01 -8.29000000e+01
 -3.81000000e+01 -8.08000000e+01
 -3.82000000e+01 -7.97000000e+01
 -3.82000000e+01 -7.80000000e+01
 -3.84000000e+01 -7.56000000e+01
 -3.85000000e+01 -7.49000000e+01
 -3.86000000e+01 -7.24000000e+01
 -3.87000000e+01 -7.06000000e+01
 -3.87000000e+01 -6.89000000e+01
 -3.88000000e+01 -6.77000000e+01
 -3.89000000e+01 -6.59000000e+01
 -3.90000000e+01 -6.35000000e+01
 -3.91000000e+01 -6.30000000e+01
 -3.92000000e+01 -6.09000000e+01
 -3.93000000e+01 -5.94000000e+01
 -3.94000000e+01 -5.83000000e+01
 -3.95000000e+01 -5.67000000e+01
 -3.95000000e+01 -5.52000000e+01
 -3.96000000e+01 -5.32000000e+01
 -3.97000000e+01 -5.27000000e+01
 -3.98000000e+01 -5.05000000e+01
 -3.99000000e+01 -4.90000000e+01
 -4.00000000e+01 -4.80000000e+01
 -4.01000000e+01 -4.66000000e+01
 -4.01000000e+01 -4.51000000e+01
 -4.02000000e+01 -4.32000000e+01
 -4.04000000e+01 -4.18000000e+01
 -4.04000000e+01 -4.09000000e+01
 -4.05000000e+01 -3.93000000e+01
 -4.06000000e+01 -3.74000000e+01
 -4.07000000e+01 -3.70000000e+01
 -4.08000000e+01 -3.57000000e+01
 -4.09000000e+01 -3.37000000e+01
 -4.10000000e+01 -3.27000000e+01
 -4.11000000e+01 -3.14000000e+01
 -4.11000000e+01 -3.01000000e+01
 -4.13000000e+01 -2.84000000e+01
 -4.14000000e+01 -2.80000000e+01
 -4.14000000e+01 -2.62000000e+01
 -4.15000000e+01 -2.51000000e+01
 -4.16000000e+01 -2.44000000e+01
 -4.17000000e+01 -2.33000000e+01
 -4.18000000e+01 -2.24000000e+01
 -4.19000000e+01 -2.10000000e+01
 -4.20000000e+01 -2.03000000e+01
 -4.21000000e+01 -1.94000000e+01
 -4.21000000e+01 -1.83000000e+01
 -4.22000000e+01 -1.76000000e+01
 -4.23000000e+01 -1.67000000e+01
 -4.24000000e+01 -1.57000000e+01
 -4.26000000e+01 -1.45000000e+01
 -4.27000000e+01 -1.42000000e+01
 -4.27000000e+01 -1.30000000e+01
 -4.28000000e+01 -1.22000000e+01
 -4.29000000e+01 -1.13000000e+01
 -4.30000000e+01 -1.07000000e+01
 -4.31000000e+01 -9.80000000e+00
 -4.32000000e+01 -8.70000000e+00
 -4.33000000e+01 -8.20000000e+00
 -4.34000000e+01 -7.30000000e+00
 -4.34000000e+01 -6.40000000e+00
 -4.35000000e+01 -5.60000000e+00
 -4.37000000e+01 -5.10000000e+00
 -4.37000000e+01 -4.20000000e+00
 -4.38000000e+01 -3.10000000e+00
 -4.39000000e+01 -2.80000000e+00
 -4.40000000e+01 -1.80000000e+00
 -4.41000000e+01 -1.10000000e+00
 -4.42000000e+01 -4.00000000e-01
 -4.43000000e+01 -1.00000000e-01
 -4.44000000e+01 6.00000000e-01
 -4.45000000e+01 1.40000000e+00
 -4.45000000e+01 1.60000000e+00
 -4.46000000e+01 2.50000000e+00
 -4.48000000e+01 3.10000000e+00
 -4.48000000e+01 3.70000000e+00
 -4.49000000e+01 4.10000000e+00
 -4.50000000e+01 4.90000000e+00
 -4.51000000e+01 5.50000000e+00
 -4.52000000e+01 5.90000000e+00
 -4.53000000e+01 6.40000000e+00
 -4.54000000e+01 6.90000000e+00
 -4.55000000e+01 7.70000000e+00
 -4.56000000e+01 7.80000000e+00
 -4.57000000e+01 8.50000000e+00
 -4.57000000e+01 8.90000000e+00
 -4.58000000e+01 9.20000000e+00
 -4.59000000e+01 9.70000000e+00
 -4.60000000e+01 1.02000000e+01
 -4.61000000e+01 1.07000000e+01
 -4.63000000e+01 1.08000000e+01
 -4.63000000e+01 1.14000000e+01
 -4.64000000e+01 1.17000000e+01
 -4.65000000e+01 1.20000000e+01
 -4.66000000e+01 1.23000000e+01
 -4.67000000e+01 1.26000000e+01
 -4.68000000e+01 1.30000000e+01
 -4.68000000e+01 1.31000000e+01
 -4.69000000e+01 1.35000000e+01
 -4.71000000e+01 1.37000000e+01
 -4.71000000e+01 1.40000000e+01
 -4.72000000e+01 1.41000000e+01
 -4.73000000e+01 1.45000000e+01
 -4.74000000e+01 1.48000000e+01
 -4.75000000e+01 1.48000000e+01
 -4.76000000e+01 1.51000000e+01
 -4.77000000e+01 1.53000000e+01
 -4.78000000e+01 1.55000000e+01
 -4.79000000e+01 1.56000000e+01
 -4.80000000e+01 1.59000000e+01
 -4.80000000e+01 1.61000000e+01
 -4.82000000e+01 1.62000000e+01
 -4.82000000e+01 1.64000000e+01
 -4.83000000e+01 1.65000000e+01
 -4.84000000e+01 1.66000000e+01
 -4.85000000e+01 1.68000000e+01
 -4.86000000e+01 1.70000000e+01
 -4.88000000e+01 1.71000000e+01
 -4.88000000e+01 1.72000000e+01
 -4.89000000e+01 1.73000000e+01
 -4.90000000e+01 1.75000000e+01
 -4.91000000e+01 1.75000000e+01
 -4.92000000e+01 1.76000000e+01
 -4.93000000e+01 1.77000000e+01
 -4.93000000e+01 1.78000000e+01
 -4.94000000e+01 1.79000000e+01
 -4.96000000e+01 1.80000000e+01
 -4.96000000e+01 1.81000000e+01
 -4.97000000e+01 1.83000000e+01
 -4.98000000e+01 1.83000000e+01
 -4.98000000e+01 1.84000000e+01
 -4.99000000e+01 1.85000000e+01
 -5.01000000e+01 1.85000000e+01
 -5.02000000e+01 1.86000000e+01
 -5.02000000e+01 1.87000000e+01
 -5.04000000e+01 1.88000000e+01
 -5.05000000e+01 1.88000000e+01
 -5.05000000e+01 1.89000000e+01
 -5.06000000e+01 1.90000000e+01
 -5.07000000e+01 1.90000000e+01
 -5.08000000e+01 1.91000000e+01
 -5.09000000e+01 1.92000000e+01
 -5.10000000e+01 1.93000000e+01
 -5.11000000e+01 1.93000000e+01
 -5.12000000e+01 1.93000000e+01
 -5.13000000e+01 1.94000000e+01
 -5.14000000e+01 1.95000000e+01
 -5.15000000e+01 1.95000000e+01
 -5.15000000e+01 1.95000000e+01
 -5.17000000e+01 1.97000000e+01
 -5.18000000e+01 1.97000000e+01
 -5.18000000e+01 1.97000000e+01
 -5.19000000e+01 1.98000000e+01
 -5.20000000e+01 1.98000000e+01
 -5.21000000e+01 1.98000000e+01
 -5.22000000e+01 2.00000000e+01
 -5.23000000e+01 2.00000000e+01
 -5.24000000e+01 2.00000000e+01
 -5.25000000e+01 2.01000000e+01
 -5.25000000e+01 2.01000000e+01
 -5.27000000e+01 2.02000000e+01
 -5.27000000e+01 2.02000000e+01
 -5.28000000e+01 2.03000000e+01
 -5.29000000e+01 2.03000000e+01
 -5.30000000e+01 2.04000000e+01
 -5.31000000e+01 2.05000000e+01
 -5.32000000e+01 2.05000000e+01
 -5.33000000e+01 2.05000000e+01
 -5.34000000e+01 2.06000000e+01
 -5.35000000e+01 2.06000000e+01
 -5.36000000e+01 2.06000000e+01
 -5.37000000e+01 2.07000000e+01
 -5.38000000e+01 2.07000000e+01
 -5.39000000e+01 2.08000000e+01
 -5.39000000e+01 2.08000000e+01
 -5.41000000e+01 2.09000000e+01
 -5.42000000e+01 2.09000000e+01
 -5.42000000e+01 2.10000000e+01
 -5.43000000e+01 2.10000000e+01
 -5.44000000e+01 2.11000000e+01
 -5.45000000e+01 2.11000000e+01
 -5.46000000e+01 2.12000000e+01
 -5.47000000e+01 2.12000000e+01
 -5.48000000e+01 2.12000000e+01
 -5.48000000e+01 2.12000000e+01
 -5.49000000e+01 2.12000000e+01
 -5.51000000e+01 2.13000000e+01
 -5.52000000e+01 2.14000000e+01
 -5.53000000e+01 2.14000000e+01
 -5.54000000e+01 2.15000000e+01
 -5.54000000e+01 2.15000000e+01
 -5.55000000e+01 2.15000000e+01
 -5.56000000e+01 2.15000000e+01
 -5.57000000e+01 2.16000000e+01
 -5.58000000e+01 2.16000000e+01
 -5.59000000e+01 2.17000000e+01
 -5.60000000e+01 2.17000000e+01
 -5.61000000e+01 2.18000000e+01
 -5.62000000e+01 2.18000000e+01
